_C_73b6a359_0 84 0 40 0 0 ffffffff 0 ffffffff 
_C_bd2e2a03_0 84 0 40 0 0 0 0 0 
_C_4f9f3ac8_0 84 0 40 0 ffffffff ffffffff ffffffff ffffffff 
_C_8107b392_0 84 0 40 0 ffffffff 0 ffffffff 0 
_C_92fc777e_0 8c 0 1a0 0 0 65202574 0 2074696d 0 77206174 0 73206c6f 0 52207761 0 656e2057 0 64207768 0 616e6765 0 73206368 0 64726573 0 29204164 0 4e494e47 0 28574152 
_C_e7bf255_0 84 0 80 0 0 abcd1234 0 0 0 0 0 0 
_C_757f48ea_0 8c 0 18 0 0 206e73 
_C_107007df_0 84 0 7c 0 0 0 0 0 0 0 0 0 
_C_57d98cc9_0 84 3 20 0 0 5e 0 48 0 48 
_C_ffd76396_0 84 0 7e 0 0 0 0 0 0 0 0 0 
_C_a645f69_0 84 0 7f 0 0 0 0 0 0 0 0 0 
_C_d4c4a0e9_0 8c 0 1b8 0 0 696d6520 0 61742074 0 6c6f7720 0 77617320 0 20575220 0 7768656e 0 67656420 0 6368616e 0 73204120 0 64726573 0 6d3a4164 0 47292025 0 524e494e 0 285741 
_C_1e929c2e_0 84 0 80 0 0 feedbeef 0 0 0 0 0 0 
_C_eb53241d_0 84 3 20 0 0 9c4 0 9c4 0 6d6 
_C_93944d2c_0 94 0 20 0 0 fffffff7 
_C_2e9350fa_0 8c 0 e0 0 0 6c697374 0 305f302e 0 2f726f6d 0 746f7265 0 6f6c5f73 0 6f6e7472 0 2e2e2f63 
_C_f502271f_0 84 0 20 0 0 ffffffff 
_C_e8a2682_0 8c 0 148 0 0 66696c65 0 20726567 0 6e206f66 0 57207069 0 206f6e20 0 616c7565 0 616c2076 0 6c6c6567 0 72292049 0 4572726f 0 28 
_C_7cac56f2_0 84 3 20 0 0 2e 0 34 0 2e 
_C_f8da212b_0 84 3 20 0 0 32 0 30 0 30 
_C_21fde26_0 84 0 40 0 0 64 0 0 
_C_aeb33de1_0 84 0 20 0 ffffffff ffffffff 
_C_b35bc3_0 84 0 20 0 0 0 
_C_c778f1e6_0 84 4 20 0 0 72 0 74 0 72 0 72 
_C_351a8780_0 94 0 20 0 0 0 
_C_65f10d2d_0 84 4 20 0 0 86 0 92 0 86 0 86 
_C_3f7d714e_0 94 0 20 0 0 1 
_C_112a28f6_0 8c 0 88 0 0 2e767064 0 64756d70 0 696e652e 0 6970656c 0 70 
_C_348b4302_0 84 0 3f 0 0 0 0 0 
_C_6c42c73e_0 94 0 20 0 0 9 
