66 0F42
66 0FB1
66 0F87
66 0F85
66 05
66 81
66 83
66 01
66 03
66 25
66 81
66 83
66 21
66 23
66 E8
66 FF
66 E9
66 EA
66 89
66 8B
66 A6
66 A7
66 C7
66 F7
66 0D
66 81
66 83
66 09
66 0B
66 8F
66 68
66 A7
66 87
00 0F42
00 0FB0
00 0FB1
00 0F87
00 0F85
00 0F6F
00 0F7F
00 0FFD
00 0FFE
00 0FED
00 0FA1
00 0FA9
00 0F70
00 0FA0
00 0FA8
00 04  
00 05  
00 80  
00 81  
00 83  
00 00  
00 01  
00 02  
00 03  
00 24  
00 25  
00 80  
00 81  
00 83  
00 20  
00 21  
00 22  
00 23  
00 E8  
00 FF  
00 9A  
00 FC  
00 27  
00 F4  
00 FE  
00 40  
00 41  
00 42  
00 43  
00 44  
00 45  
00 46  
00 47  
00 CF  
00 77  
00 75  
00 EB  
00 E9  
00 EA  
00 88  
00 89  
00 8A  
00 8B  
00 8C  
00 8E  
00 B0  
00 B1  
00 B2  
00 B3  
00 B4  
00 B5  
00 B6  
00 B7  
00 B8  
00 B9  
00 BA  
00 BB  
00 BC  
00 BD  
00 BE  
00 BF  
00 C6  
00 C7  
00 A6
00 A7
00 F6  
00 F7  
00 0C  
00 0D  
00 80  
00 81  
00 83  
00 08  
00 09  
00 0A  
00 0B  
00 8F  
00 58  
00 59  
00 5A
00 5B  
00 5C  
00 5D  
00 5E  
00 5F  
00 1F  
00 07  
00 17  
00 50  
00 51  
00 52  
00 53  
00 54  
00 55  
00 56  
00 57  
00 58  
00 6A  
00 68  
00 0E  
00 16  
00 1E  
00 06  
00 A6  
00 A7  
00 C3  
00 CB  
00 C2  
00 CA  
00 D0  
00 D2  
00 C0  
00 D1  
00 D3  
00 C1  
00 D1  
00 D3  
00 C1  
00 D0  
00 D2  
00 C0  
00 D1  
00 D3  
00 C1  
00 D1  
00 D3  
00 C1  
00 FD  
00 90  
00 91  
00 92  
00 93  
00 94  
00 95  
00 96  
00 97  
00 86  
00 87  
